50 50
18 21
11 12 12 12 12 12 12 12 12 12 12 12 12 12 12 12 12 12 12 12 13
14 15 15 15 15 15 15 15 15 15 15 15 20 15 15 15 15 15 15 15 16 
14 15 20 15 15 15 15 15 15 15 15 15 15 15 15 15 15 15 15 15 16 
14 15 15 20 18 18 15 15 20 15 15 15 15 15 15 20 15 15 15 20 16 
14 15 15 16 21 21 14 15 15 15 15 15 15 15 15 18 18 15 15 15 16
14 15 15 16 21 21 14 20 15 15 15 15 15 15 16 21 21 14 15 15 16 
14 20 15 15 12 12 15 15 15 15 15 15 15 15 16 21 21 14 15 15 12
14 15 15 15 15 15 15 15 15 15 15 15 15 20 16 21 21 14 15 15 12
14 15 15 15 15 15 15 15 20 15 15 15 15 15 16 21 21 14 15 15 15
14 15 15 20 15 15 15 15 15 15 15 15 15 15 16 21 21 14 15 15 15 
14 15 15 15 15 15 15 15 15 15 15 15 15 20 16 21 21 14 15 15 18 
14 15 15 15 18 18 20 15 15 15 15 15 15 15 16 21 21 14 15 15 18
14 15 15 16 21 21 14 15 15 15 15 15 15 15 16 21 21 14 15 15 16
14 15 15 16 21 21 14 15 20 15 15 15 15 15 15 12 12 15 15 15 16
14 15 20 15 12 12 15 15 15 15 15 15 15 15 15 20 15 15 15 20 16 
14 15 15 15 20 15 15 15 15 15 15 15 15 15 20 15 15 15 15 15 16 
14 15 15 15 15 15 15 15 15 20 15 15 15 15 15 15 15 15 20 15 16 
17 18 18 18 18 18 18 18 18 18 18 18 18 18 18 18 18 18 18 18 19 