91 34
20 50
11 12 12 12 12 12 12 12 12 12 12 12 12 12 12 12 12 12 12 12 12 12 12 12 12 12 12 12 12 12 12 12 12 12 12 12 12 12 12 12 12 12 12 12 12 12 12 12 12 12 12 12 12 12 12 12 12 12 12 12 12 12 12 12 12 12 12 12 12 12 12 12 12 12 12 12 12 12 12 12 12 12 12 12 12 12 12 12 12 12 13
14 15 15 15 15 15 15 15 15 15 15 15 20 15 15 15 15 15 15 15 15 15 15 15 15 15 15 15 15 15 15 15 15 20 15 15 15 15 15 15 15 15 15 15 15 15 15 15 15 15 15 15 15 15 15 15 15 15 15 15 15 15 15 15 15 15 15 15 15 15 15 15 15 15 15 15 15 15 15 15 15 15 15 15 15 15 15 15 15 15 16
14 15 20 15 15 15 15 15 15 15 15 15 15 15 15 15 15 15 15 15 15 15 15 15 20 15 15 15 15 15 15 15 15 15 15 15 15 15 15 15 15 15 15 15 15 15 15 15 15 15 15 15 15 15 15 15 15 15 15 15 15 15 15 15 15 15 15 15 15 15 15 15 15 15 15 15 15 15 15 15 15 15 15 15 15 15 15 15 15 15 16
14 15 15 20 18 18 15 15 20 15 15 15 15 15 15 20 15 15 15 20 15 15 15 15 20 15 15 15 15 20 15 15 15 15 15 15 20 15 15 15 20 15 15 15 15 15 15 15 15 15 15 15 15 15 15 15 15 15 15 15 15 15 15 15 15 15 15 15 15 15 15 15 15 15 15 15 15 15 15 15 15 15 15 15 15 15 15 15 15 15 16
14 15 15 16 21 21 14 15 15 15 15 15 15 15 15 18 18 15 15 15 15 15 15 15 15 20 15 15 15 15 15 15 15 15 15 15 15 15 15 15 15 15 15 15 18 18 18 18 18 18 18 18 18 18 18 18 18 18 18 18 18 18 18 18 18 18 18 18 18 18 18 18 18 18 18 18 18 18 18 18 18 18 18 18 18 18 18 15 15 15 16
14 15 15 16 21 21 14 20 15 15 15 15 15 15 16 21 21 14 15 15 15 15 15 15 15 15 15 20 15 15 15 15 15 15 15 15 15 15 15 15 15 15 15 16 21 21 21 21 21 21 21 21 21 21 21 21 21 21 21 21 21 21 21 21 21 21 21 21 21 21 21 21 21 21 21 21 21 21 21 21 21 21 21 21 21 21 21 14 15 15 16 
14 20 15 15 12 12 15 15 15 15 15 15 15 15 16 21 21 14 15 15 20 15 15 20 15 15 15 15 15 15 15 15 15 15 15 15 15 15 15 15 15 15 20 16 21 15 15 15 15 15 15 15 15 15 15 15 15 15 15 15 15 15 15 15 15 15 15 15 15 15 15 15 15 15 15 15 15 15 15 15 15 15 15 21 15 15 21 14 15 15 16
14 15 15 15 15 15 15 15 15 15 15 15 15 20 16 21 21 14 15 15 15 15 15 15 15 15 15 15 15 15 15 15 15 15 15 15 15 15 15 15 15 15 15 16 21 15 15 15 15 15 15 15 15 15 15 15 15 15 15 15 15 15 15 15 15 15 15 15 15 15 15 15 15 15 15 15 15 15 15 15 15 15 15 21 15 15 21 14 15 15 16
14 15 15 15 15 15 15 15 20 15 15 15 15 15 16 21 21 14 15 15 15 15 15 15 15 15 15 15 15 15 15 15 15 15 15 15 15 15 15 15 15 15 15 16 21 15 15 15 15 15 15 15 15 15 15 15 15 15 15 15 15 15 15 15 15 15 15 15 15 15 15 15 15 15 15 15 15 15 15 15 15 15 15 21 15 15 21 14 15 15 16
14 15 15 20 15 15 15 15 15 15 15 15 15 15 16 21 21 14 15 15 15 15 15 15 15 15 15 15 15 15 15 15 15 15 15 15 15 15 15 15 15 15 15 16 21 15 15 15 15 15 15 15 15 15 15 15 15 15 15 15 15 15 15 15 15 15 15 15 15 15 15 15 15 15 15 15 15 15 15 15 15 15 15 21 15 15 21 14 15 15 16
14 15 15 15 15 15 15 15 15 15 15 15 15 20 16 21 21 14 15 15 15 15 20 15 15 15 15 15 15 15 15 15 15 15 15 20 15 15 15 15 15 15 15 16 21 15 15 15 15 15 15 15 15 15 15 15 15 15 15 15 15 15 15 15 15 15 15 15 15 15 15 15 15 15 15 15 15 15 15 15 15 15 15 21 15 15 21 14 15 15 16
14 15 15 15 18 18 20 15 15 15 15 15 15 15 16 21 21 14 15 15 15 15 15 15 15 15 15 15 15 15 15 15 15 15 15 15 15 15 15 15 15 15 15 16 21 15 15 15 15 15 15 15 15 15 15 15 15 15 15 15 15 15 15 15 15 15 15 15 15 15 15 15 15 15 15 15 15 15 15 15 15 15 15 21 15 15 21 14 15 15 16
14 15 15 16 21 21 14 15 15 15 15 15 15 15 16 21 21 14 15 15 15 20 15 15 15 15 15 15 15 15 15 20 15 15 15 15 15 15 15 15 15 15 15 15 13 15 15 15 15 15 15 15 15 15 15 15 15 15 15 15 15 15 15 15 15 15 15 15 15 15 15 15 15 15 15 15 15 15 15 15 15 15 15 21 15 15 21 14 15 15 16
14 15 15 16 21 21 14 15 20 15 15 15 15 15 15 12 12 15 15 15 15 15 15 15 15 15 15 15 15 15 15 15 15 15 15 15 15 20 15 15 15 15 15 15 15 15 15 15 15 15 15 15 15 15 15 15 15 15 15 15 15 15 15 15 15 15 15 15 15 15 15 15 15 15 15 15 15 15 15 15 15 15 15 21 15 15 21 14 15 15 16
14 15 20 15 12 12 15 15 15 15 15 15 15 15 15 20 15 15 15 20 15 15 15 15 15 15 15 15 15 15 15 15 15 15 15 15 15 15 15 15 15 15 15 15 15 15 15 15 15 15 15 15 15 15 15 15 15 15 15 15 15 15 15 15 15 15 15 15 15 15 15 15 15 15 15 15 15 15 15 15 15 15 15 15 15 15 21 14 15 15 16
14 15 15 15 20 15 15 15 15 15 15 15 15 15 20 15 15 15 15 15 15 15 15 15 15 15 15 15 15 15 15 15 15 15 15 15 15 15 15 15 15 15 15 15 15 15 15 15 15 15 15 15 15 15 15 15 15 15 15 15 15 15 15 15 15 15 15 15 15 15 15 15 15 15 15 15 15 15 15 15 15 15 15 15 15 15 21 14 15 15 16
14 15 15 15 15 15 15 15 15 20 15 15 15 15 15 15 15 15 20 15 15 15 15 15 15 15 15 15 15 15 15 15 15 15 15 20 15 15 15 15 15 15 15 15 15 15 15 15 15 15 15 15 15 15 15 15 15 15 15 15 15 15 15 15 15 15 15 15 15 15 15 15 15 15 15 15 15 15 15 15 15 15 15 15 15 15 21 14 15 15 16
14 15 15 15 15 15 15 15 15 15 15 15 20 15 15 15 15 15 15 15 15 15 15 15 15 15 15 15 15 15 15 15 15 15 15 15 15 15 15 15 15 15 15 15 15 15 15 15 15 15 15 15 15 15 15 15 15 15 15 15 15 15 15 15 15 15 15 15 15 15 15 15 15 15 15 15 15 15 15 15 15 15 15 15 15 15 21 14 15 15 16
14 15 20 15 15 15 15 15 15 15 15 15 15 15 15 15 15 15 15 15 15 15 15 15 15 15 15 15 15 15 15 15 15 15 15 15 15 15 15 15 15 15 15 15 15 15 15 15 15 15 15 15 15 15 15 15 15 15 15 15 15 15 15 15 15 15 15 15 15 15 15 15 15 15 15 15 15 15 15 15 15 15 15 15 15 15 21 14 15 15 16
14 15 15 20 18 18 15 15 20 15 15 15 15 15 15 20 15 15 15 20 15 15 15 15 15 15 15 15 15 15 15 15 15 15 15 15 15 15 15 15 15 15 15 15 15 15 15 15 15 15 15 15 15 15 15 15 15 15 15 15 15 15 15 15 15 15 15 15 15 15 15 15 15 15 15 15 15 15 15 15 15 15 15 15 15 15 21 14 15 15 16
14 15 15 16 21 21 14 15 15 15 15 15 15 15 15 18 18 15 15 15 15 15 15 15 15 15 15 15 15 15 15 15 15 15 15 15 15 15 15 15 15 15 15 15 15 15 15 15 15 15 15 15 15 15 15 15 15 15 15 15 15 15 15 15 15 15 15 15 15 15 15 15 15 15 15 15 15 15 15 15 15 15 15 21 15 15 21 14 15 15 16
14 15 15 16 21 21 14 20 15 15 15 15 15 15 16 21 21 14 15 15 15 15 15 15 15 15 15 15 15 15 15 15 15 15 15 15 15 15 15 15 15 15 15 15 19 15 15 15 15 15 15 15 15 15 15 15 15 15 15 15 15 15 15 15 15 15 15 15 15 15 15 15 15 15 15 15 15 15 15 15 15 15 15 21 15 15 21 14 15 15 16
14 20 15 15 12 12 15 15 15 15 15 15 15 15 16 21 21 14 15 15 20 15 15 15 15 15 15 15 15 15 15 20 15 15 15 15 15 15 15 15 15 15 15 16 21 15 15 15 15 15 15 15 15 15 15 15 15 15 15 15 15 15 15 15 15 15 15 15 15 15 15 15 15 15 15 15 15 15 15 15 15 15 15 21 15 15 21 14 15 15 16
14 15 15 15 15 15 15 15 15 15 15 15 15 20 16 21 21 14 15 15 15 15 15 15 15 15 15 15 15 15 15 15 15 15 15 15 15 15 15 15 15 15 15 16 21 15 15 15 15 15 15 15 15 15 15 15 15 15 15 15 15 15 15 15 15 15 15 15 15 15 15 15 15 15 15 15 15 15 15 15 15 15 15 21 15 15 21 14 15 15 16
14 15 15 15 15 15 15 15 20 15 15 15 15 15 16 21 21 14 15 15 15 15 15 15 15 15 15 15 15 15 15 15 15 15 15 15 15 15 15 15 15 15 15 16 21 15 15 15 15 15 15 15 15 15 15 15 15 15 15 15 15 15 15 15 15 15 15 15 15 15 15 15 15 15 15 15 15 15 15 15 15 15 15 21 15 15 21 14 15 15 16
14 15 15 20 15 15 15 15 15 15 15 15 15 15 16 21 21 14 15 15 15 15 15 15 15 15 15 15 15 15 15 15 15 15 15 15 15 15 15 15 15 15 15 16 21 15 15 15 15 15 15 15 15 15 15 15 15 15 15 15 15 15 15 15 15 15 15 15 15 15 15 15 15 15 15 15 15 15 15 15 15 15 15 21 15 15 21 14 15 15 16
14 15 15 15 15 15 15 15 15 15 15 15 15 20 16 21 21 14 15 15 15 15 20 15 15 15 15 15 15 15 15 15 15 15 15 15 15 15 15 20 15 15 15 16 21 15 15 15 15 15 15 15 15 15 15 15 15 15 15 15 15 15 15 15 15 15 15 15 15 15 15 15 15 15 15 15 15 15 15 15 15 15 15 21 15 15 21 14 15 15 16
14 15 15 15 18 18 20 15 15 15 15 15 15 15 16 21 21 14 15 15 15 15 15 15 15 15 15 15 15 15 15 15 15 15 15 15 15 15 15 15 15 15 15 16 21 15 15 15 15 15 15 15 15 15 15 15 15 15 15 15 15 15 15 15 15 15 15 15 15 15 15 15 15 15 15 15 15 15 15 15 15 15 15 21 15 15 21 14 15 15 16
14 15 15 16 21 21 14 15 15 15 15 15 15 15 16 21 21 14 15 15 15 20 15 15 15 15 15 15 15 15 15 15 15 15 15 15 15 15 15 15 15 15 15 16 21 21 21 21 21 21 21 21 21 21 21 21 21 21 21 21 21 21 21 21 21 21 21 21 21 21 21 21 21 21 21 21 21 21 21 21 21 21 21 21 21 21 21 14 15 15 16
14 15 15 16 21 21 14 15 20 15 15 15 15 15 15 12 12 15 15 15 15 15 15 15 15 15 15 15 15 15 15 15 15 15 15 15 15 15 15 15 15 15 15 15 12 12 12 12 12 12 12 12 12 12 12 12 12 12 12 12 12 12 12 12 12 12 12 12 12 12 12 12 12 12 12 12 12 12 12 12 12 12 12 12 12 12 12 15 15 15 16
14 15 20 15 12 12 15 15 15 15 15 15 15 15 15 20 15 15 15 20 15 15 15 15 15 15 15 15 15 15 15 15 15 15 15 20 15 15 15 15 15 15 15 15 15 15 15 15 15 15 15 15 15 15 15 15 15 15 15 15 15 15 15 15 15 15 15 15 15 15 15 15 15 15 15 15 15 15 15 15 15 15 15 15 15 15 15 15 15 15 16
14 15 15 15 20 15 15 15 15 15 15 15 15 15 20 15 15 15 15 15 15 15 15 15 15 15 15 15 15 15 15 15 15 15 15 15 15 15 15 15 15 15 15 15 15 15 15 15 15 15 15 15 15 15 15 15 15 15 15 15 15 15 15 15 15 15 15 15 15 15 15 15 15 15 15 15 15 15 15 15 15 15 15 15 15 15 15 15 15 15 16
14 15 15 15 15 15 15 15 15 20 15 15 15 15 15 15 15 15 20 15 15 15 15 15 15 15 15 15 15 15 15 15 15 15 15 15 15 15 15 15 15 15 15 15 15 15 15 15 15 15 15 15 15 15 15 15 15 15 15 15 15 15 15 15 15 15 15 15 15 15 15 15 15 15 15 15 15 15 15 15 15 15 15 15 15 15 15 15 15 15 16
17 18 18 18 18 18 18 18 18 18 18 18 18 18 18 18 18 18 18 18 18 18 18 18 18 18 18 18 18 18 18 18 18 18 18 18 18 18 18 18 18 18 18 18 18 18 18 18 18 18 18 18 18 18 18 18 18 18 18 18 18 18 18 18 18 18 18 18 18 18 18 18 18 18 18 18 18 18 18 18 18 18 18 18 18 18 18 18 18 18 19